


3.91044e-13 0.00986014 0.416572 0 0 0
1.76753 3.64829 0.91388 0 0 0
0.923556 4.87519 5.27075 0 0 0


8 2 0.416572 -2.35227e+23 -2.41889e+29 0
-0 6 0.91388 -6.56501e+28 1.25977e+29 0
0 0 5.27075 5.23056e+28 7.37716e+27 0


2 4 0.416572 3.67673e+57 -3.03082e+57 0
2 -0 0.91388 -1.78619e+58 -1.78307e+58 0
4 2 5.27075 5.23056e+28 -4.36109e+57 0


4 2 0.416572 1.439e+87 1.07321e+87 0
-0 4 0.91388 -3.04219e+87 -3.16152e+87 0
2 -0 5.27075 -4.56637e+86 -8.70218e+86 0


6 2 0.416572 2.31197e+115 -1.90582e+115 0
4 2 0.91388 -1.55965e+116 -1.27701e+116 0
4 4 5.27075 -4.8118e+114 -4.03301e+114 0


0 2 0.416572 1.94966e+144 -1.60715e+144 0
8 6 0.91388 1.31714e+145 2.2621e+145 0
0 2 5.27075 1.65358e+145 2.18188e+145 0


8 2 0.416572 -5.11231e+172 2.2004e+173 0
2 6 0.91388 -8.15095e+173 -8.1367e+173 0
2 8 5.27075 -2.80649e+166 -3.45969e+173 0


0 2 0.416572 1.46415e+202 -1.20693e+202 0
-0 8 0.91388 -7.11298e+202 -7.10054e+202 0
2 8 5.27075 2.29522e+202 5.66535e+202 0


8 8 0.416572 -3.93301e+230 1.69282e+231 0
8 6 0.91388 7.55338e+231 1.2827e+232 0
8 8 5.27075 2.02343e+231 4.99449e+231 0


0 2 0.416572 7.14094e+260 6.91357e+260 0
8 6 0.91388 -5.57114e+260 -5.56139e+260 0
2 0 5.27075 1.7977e+260 4.4373e+260 0